name: hobby
channels:
  - anaconda
  - conda-forge
  - defaults
dependencies:
  - beautifulsoup4=4.6.3=py37_0
  - bzip2=1.0.6=h470a237_2
  - ca-certificates=2018.10.15=ha4d7672_0
  - cachetools=2.1.0=py_0
  - certifi=2018.10.15=py37_1000
  - cryptography=2.3.1=py37hdffb7b8_0
  - decorator=4.3.0=py_0
  - ffmpeg=4.0.2=ha0c5888_2
  - freetype=2.9.1=h6debe1e_4
  - gmp=6.1.2=hfc679d8_0
  - gnutls=3.5.19=h2a4e5f8_1
  - google-api-python-client=1.7.4=py_0
  - google-auth=1.5.1=py_0
  - google-auth-httplib2=0.0.3=py_2
  - httplib2=0.11.3=py37_1001
  - imageio=2.4.1=py_0
  - jpeg=9c=h470a237_1
  - libgfortran-ng=7.2.0=hdf63c60_3
  - libiconv=1.15=h470a237_3
  - libpng=1.6.35=ha92aebf_2
  - libtiff=4.0.9=he6b73bb_2
  - moviepy=0.2.3.5=py_0
  - nettle=3.3=0
  - oauth2client=4.1.2=py_1
  - olefile=0.46=py_0
  - openh264=1.8.0=hd28b015_0
  - openssl=1.0.2p=h470a237_1
  - pillow=5.3.0=py37hc736899_0
  - pyasn1=0.4.4=py_1
  - pyasn1-modules=0.2.1=py_0
  - python=3.7.0=h5001a0f_4
  - rsa=3.4.2=py_1
  - simplejson=3.16.0=py37h470a237_2
  - tqdm=4.28.1=py_0
  - uritemplate=3.0.0=py_1
  - x264=1!152.20180717=h470a237_1
  - youtube-dl=2018.11.3=py37_1000
  - asn1crypto=0.24.0=py37_0
  - blas=1.0=mkl
  - cffi=1.11.5=py37he75722e_1
  - chardet=3.0.4=py37_1
  - idna=2.7=py37_0
  - intel-openmp=2019.0=118
  - libedit=3.1.20170329=h6b74fdf_2
  - libffi=3.2.1=hd88cf55_4
  - libgcc-ng=8.2.0=hdf63c60_1
  - libstdcxx-ng=8.2.0=hdf63c60_1
  - mkl=2019.0=118
  - mkl_fft=1.0.6=py37h7dd41cf_0
  - mkl_random=1.0.1=py37h4414c95_1
  - ncurses=6.1=hf484d3e_0
  - numpy=1.15.3=py37h1d66e8a_0
  - numpy-base=1.15.3=py37h81de0dd_0
  - pip=18.1=py37_0
  - pycparser=2.19=py37_0
  - pyopenssl=18.0.0=py37_0
  - pysocks=1.6.8=py37_0
  - readline=7.0=h7b6447c_5
  - requests=2.19.1=py37_0
  - setuptools=40.5.0=py37_0
  - six=1.11.0=py37_1
  - sqlite=3.25.2=h7b6447c_0
  - tk=8.6.8=hbc83047_0
  - urllib3=1.23=py37_0
  - wheel=0.32.2=py37_0
  - xz=5.2.4=h14c3975_4
  - zlib=1.2.11=ha838bed_2
  - pip:
    - amaraapi==0.0.3
    - youtube3==0.0.3.5
prefix: /home/diego/anaconda3/envs/hobby

